tests/data/mx1950-01.gridascii
ncols         178
nrows         139
xllcorner     111.875
yllcorner     -44.625
cellsize      0.25
NODATA_value  -9999
[rows 84 to 111 of 139, columns 0 to 62 of 178]
27.4278 27.64537 27.8724 28.11887 28.38492 28.67063 28.98601 29.3209 29.68496 30.08765 30.5284 31.00683 31.54268 31.95608 32.47745 33.02757 33.54726 34.04741 34.56865 34.98149 35.07598 35.23188 35.22878 35.13623 35.07398 35.23194 35.19021 35.16903 35.1587 35.15942 35.11138 34.94458 34.67896 34.41446 34.0513 33.8497 33.81893 33.76857 33.69835 33.67797 33.67714 33.60558 33.45322 33.46007 33.25517 33.08801 33.17823 33.1656 33.13992 33.13106 33.02011 32.89351 32.78294 32.67994 32.59284 32.51205 32.40812 32.30164 32.20328 32.06381 31.99382 31.88357 31.79343
26.99489 27.20302 27.42059 27.65754 27.91392 28.18977 28.48509 28.80978 29.15366 29.53644 29.9477 30.39715 30.90448 31.46961 31.98275 32.60459 33.04611 33.3885 34.18287 34.70005 34.82019 34.8629 34.80734 34.80257 34.89788 34.80287 34.84753 34.69207 34.64688 34.76225 34.55845 34.42555 34.06353 33.98231 33.83194 33.53276 33.43428 33.35602 33.40768 33.57899 33.48966 33.41953 33.32859 33.18637 33.04222 32.96569 32.93645 32.83423 32.77885 32.73016 32.58956 32.46428 32.37362 32.29005 32.20225 32.12065 32.01579 31.90827 31.82878 31.70807 31.61671 31.49498 31.4132
26.55062 26.74987 26.95861 27.18676 27.43435 27.7014 27.97788 28.28371 28.61873 28.97266 29.35505 29.7755 30.23354 30.7489 31.26176 31.97299 32.68403 33.16674 33.96293 34.50392 34.60997 34.56033 34.53349 34.35774 34.5217 34.34455 34.18607 34.09654 34.1465 34.10639 33.94666 33.89746 33.59887 33.45082 33.28328 33.16627 32.98985 33.08355 33.22702 33.29 33.10223 33.06369 32.89402 32.61265 32.48917 32.40324 32.41449 32.45268 32.3476 32.26908 32.14916 32.04659 31.97598 31.88167 31.77301 31.69048 31.5846 31.486 31.44536 31.31341 31.20075 31.10761 31.03432
26.10805 26.29884 26.49918 26.709 26.94833 27.19714 27.46541 27.76302 28.07976 28.41525 28.76891 29.15012 29.54815 29.99258 30.52361 31.17252 32.22213 32.5961 33.32486 34.32951 34.36037 34.15677 34.11818 34.06229 33.92586 33.90724 33.68604 33.52258 33.48763 33.3919 33.386 33.2503 33.09492 32.96989 32.75512 32.77055 32.9161 32.94156 32.95675 33.02143 32.97531 32.6181 32.34942 32.10881 31.926 31.90064 32.00238 32.00096 31.91617 31.79805 31.67989 31.57059 31.50994 31.43471 31.36508 31.2815 31.19453 31.1048 31.053 30.93987 30.82595 30.76151 30.69686
25.6599 25.84249 26.03469 26.23646 26.45777 26.6986 26.95889 27.23848 27.53708 27.86417 28.20899 28.56067 28.91825 29.27111 29.59966 30.15689 31.48025 32.06491 32.90261 33.76164 33.86209 33.7152 33.6872 33.45882 33.48193 33.43198 33.25805 33.17055 32.94048 32.83886 32.71653 32.60405 32.63165 32.39939 32.28725 32.53509 32.4928 32.55018 32.56709 32.78329 32.5085 32.16238 31.90461 31.41477 31.36263 31.54786 31.53011 31.47908 31.41458 31.29778 31.20506 31.11683 31.05536 30.99907 30.94833 30.89362 30.8255 30.74463 30.73168 30.63739 30.63232 30.59672 30.51088
25.21834 25.38285 25.56703 25.76081 25.97415 26.20701 26.44926 26.72071 27.01097 27.32945 27.67523 28.03727 28.39441 28.73593 29.02337 29.25583 30.58236 31.3639 32.34604 33.12846 33.46121 33.45465 33.16213 32.78247 32.82269 32.84057 32.68319 32.57104 32.48537 32.36743 32.13832 32.06874 31.92903 31.98931 31.97956 32.02965 31.82942 31.81869 31.99726 32.23492 31.97138 31.53635 31.23951 30.97049 31.04906 30.9649 30.93766 30.95704 30.89312 30.79911 30.72249 30.66463 30.62203 30.52457 30.49262 30.52672 30.51742 30.49539 30.48133 30.34595 30.24984 30.17322 30.09637
24.77486 24.9413 25.10742 25.29314 25.49838 25.71304 25.94693 26.20979 26.50122 26.82061 27.17704 27.56948 27.99675 28.4483 28.86857 29.60311 30.26655 30.96137 31.78635 32.48163 32.79725 32.69328 32.68069 32.37672 32.28131 32.33505 32.20268 32.05476 31.96265 31.8778 31.71146 31.39441 31.2771 31.45965 31.45206 31.2442 31.15589 31.25691 31.39709 31.47617 31.17389 30.88997 30.60411 30.53594 30.50527 30.44176 30.47505 30.41505 30.36385 30.33715 30.24234 30.18357 30.22974 30.18101 30.19779 30.23064 30.22014 30.12698 30.03185 29.92547 29.82844 29.73096 29.63333
24.35032 24.49857 24.6565 24.83395 25.02078 25.22678 25.45169 25.7052 25.98693 26.3064 26.68295 27.13583 27.67415 28.2985 29.00697 29.85021 30.26729 30.86465 31.75215 32.29996 32.30811 32.18665 32.07614 31.96281 31.76012 31.79694 31.71745 31.48219 31.20258 31.14009 31.146 30.76112 30.69588 30.77045 30.6848 30.6388 30.61226 30.62493 30.62663 30.5071 30.33608 30.03329 29.89844 29.86116 29.83126 29.90842 29.88245 29.84491 29.81034 29.89845 29.75342 29.80338 29.83822 29.95816 29.90363 29.81522 29.72352 29.62926 29.53312 29.43586 29.33804 29.2399 29.1417
23.92498 24.06488 24.21437 24.38323 24.55119 24.74789 24.95294 25.19597 25.46672 25.78505 26.18079 26.6739 27.32441 28.14554 29.1261 30.08427 30.27377 30.86338 31.45312 31.75315 31.7735 31.73422 31.65702 31.44085 31.31949 31.15648 31.13761 30.90341 30.7552 30.46433 30.41197 30.21887 29.99542 30.08177 30.12785 30.02354 29.95861 29.86282 29.63597 29.56779 29.47801 29.32636 29.18252 29.18615 29.16705 29.26513 29.27189 29.26104 29.29256 29.47135 29.51516 29.55375 29.54723 29.47579 29.39993 29.31026 29.22741 29.1321 29.03505 28.94699 28.84853 28.7399 28.64135
23.51868 23.64998 23.79077 23.94066 24.09921 24.27584 24.46999 24.68123 24.9395 25.24512 25.62903 26.13312 26.84947 27.88336 29.10287 30.25407 30.43555 30.88714 31.01886 31.24083 31.40312 31.45634 31.38527 31.21926 30.91762 30.58248 30.46245 30.22801 30.08028 29.8904 29.70932 29.57767 29.39574 29.24363 29.31126 29.19846 29.13502 29.09065 28.91517 28.7283 28.63973 28.5992 28.50639 28.47093 28.58298 28.70458 28.60899 28.61451 29.00707 29.17478 29.13722 29.08442 29.02649 28.96366 28.88649 28.80559 28.72162 28.63533 28.54747 28.44875 28.3498 28.25086 28.15218
23.12093 23.24341 23.3652 23.50575 23.65439 23.81027 23.98259 24.18088 24.40528 24.68726 25.04133 25.51272 25.89157 27.41335 28.87606 30.33904 30.48219 30.65549 30.68891 30.83287 30.94864 30.95842 30.83009 30.66636 30.26127 29.94282 29.80065 29.51522 29.33743 29.2781 29.04798 28.96749 28.97685 28.87607 28.91505 28.66362 28.55153 28.40849 28.17429 27.88866 27.81127 27.82184 27.80017 27.90664 28.03296 28.07389 27.87401 28.2304 28.59192 28.62829 28.59933 28.55511 28.50578 28.44157 28.3831 28.30103 28.226 28.13882 28.05025 27.96099 27.86171 27.76263 27.65401
22.73106 22.84451 22.95709 23.08805 23.21646 23.36121 23.51125 23.67603 23.87631 24.11765 24.45142 24.90271 25.29635 26.55036 27.90449 29.17881 29.78332 29.99803 30.14331 30.12219 30.12859 30.07984 30.04354 29.87641 29.53715 29.1653 28.98087 28.86428 28.65621 28.54722 28.48783 28.59831 28.68874 28.68911 28.48928 28.38905 28.13818 27.96634 27.66335 27.28889 27.18263 27.22463 27.3365 27.48997 27.58612 27.59072 27.72102 27.96634 28.08656 28.08157 28.06121 28.03558 27.98485 27.93931 27.8796 27.8064 27.7304 27.64242 27.56323 27.46358 27.3741 27.27506 27.16669
22.35833 22.46263 22.56587 22.67716 22.79536 22.91912 23.05718 23.19894 23.36737 23.57574 23.85729 24.25211 24.59717 25.55231 26.76756 27.87298 28.56861 29.0347 29.16449 29.12586 29.04072 28.95449 28.94614 28.86559 28.73296 28.49837 28.20212 28.05459 28.16629 28.2076 28.36881 28.31009 28.33143 28.28277 28.10395 27.93478 27.72499 27.46425 27.15236 26.86921 26.61541 26.74222 26.99442 27.17591 27.32446 27.18858 27.39776 27.52182 27.55072 27.55436 27.54262 27.51561 27.48354 27.43671 27.37581 27.31157 27.23468 27.15599 27.06631 26.97636 26.88683 26.78797 26.69005
22.002 22.09705 22.19096 22.29272 22.40109 22.51456 22.62179 22.74213 22.88048 23.06573 23.29039 23.57637 23.78242 24.65855 25.74476 26.63113 27.15768 27.78621 28.06515 28.05447 28.11218 28.06565 27.94556 27.74269 27.51777 27.45138 27.62395 27.75586 27.72751 27.80912 27.85087 27.90281 27.7849 27.63705 27.4691 27.29083 27.08199 26.86223 26.63185 26.45316 26.39828 26.15621 26.58269 26.69505 26.80284 26.83584 26.42381 26.9966 27.02418 27.03647 27.03338 27.01505 26.98169 26.93363 26.88161 26.81639 26.7487 26.66942 26.58934 26.49921 26.40975 26.31121 26.20389
21.65132 21.74712 21.83178 21.92431 22.02345 22.11772 22.22579 22.32706 22.44637 22.60236 22.78784 23.01468 23.21158 23.85856 24.76561 25.56281 26.06042 26.5627 26.92105 27.07334 27.03114 26.95381 26.77238 26.61802 26.55177 26.61437 26.93636 27.14807 27.18983 27.20177 27.21398 27.19647 27.08918 26.97199 26.82475 26.66725 26.49947 26.32232 26.15778 26.04198 26.00569 26.03623 26.12236 26.21372 26.30039 26.38222 25.91896 26.49047 26.51675 26.53774 26.53335 26.51374 26.48917 26.44995 26.3969 26.34079 26.27238 26.19259 26.11221 26.02201 25.93273 25.83464 25.73803
21.32563 21.40217 21.48769 21.5713 21.66186 21.75804 21.84867 21.95322 22.0646 22.20541 22.37922 22.60656 22.9442 23.47191 24.17969 24.69776 25.25838 25.74915 26.04182 26.04326 26.13944 26.03066 25.93798 25.7026 25.7856 25.99775 26.16955 26.4313 26.60327 26.59553 26.56814 26.51107 26.43426 26.3276 26.22093 26.08457 25.95144 25.82495 25.72381 25.65222 25.62653 25.64622 25.69123 25.76143 25.83693 25.90755 25.96306 26.00331 26.02833 26.04806 26.05243 26.03161 26.00589 25.9756 25.92159 25.86469 25.79566 25.72544 25.63485 25.55466 25.46565 25.3681 25.27232
21.00429 21.08157 21.15802 21.24291 21.32534 21.41422 21.50861 21.6081 21.72363 21.85028 22.02762 22.26268 22.59 23.03832 23.56758 24.11889 24.63679 25.03592 25.26716 25.40501 25.46836 25.38757 25.31356 25.01737 25.10993 25.35191 25.29374 25.80564 25.86785 25.8904 25.88333 25.85661 25.80017 25.724 25.63894 25.54886 25.46023 25.37429 25.3062 25.25384 25.23686 25.2553 25.28908 25.33804 25.40232 25.45173 25.50601 25.53503 25.56883 25.57736 25.58056 25.56861 25.54182 25.50052 25.45563 25.39802 25.32845 25.25789 25.17717 25.08707 24.99841 24.91148 24.80659
20.69673 20.76471 20.84207 20.9183 21.00272 21.09456 21.18313 21.28813 21.41004 21.5406 21.71352 21.94102 22.24467 22.61344 23.04711 23.48701 23.92144 24.28865 24.58477 24.75809 24.83812 24.80512 24.61979 24.62291 24.33519 24.83713 24.98907 25.10116 25.18359 25.22638 25.23956 25.23308 25.19723 25.15399 25.09784 25.04455 24.993 24.93796 24.89856 24.86467 24.85624 24.8633 24.89576 24.93345 24.97648 25.02468 25.05778 25.0956 25.10824 25.12563 25.11772 25.10472 25.07693 25.04469 24.98902 24.94076 24.87072 24.79989 24.71911 24.63918 24.55093 24.45467 24.36073
20.39248 20.46106 20.53925 20.61668 20.69293 20.78749 20.8799 20.98998 21.10805 21.25504 21.43248 21.64241 21.90668 22.22589 22.58 22.94855 23.28971 23.60153 23.84238 24.00145 24.08839 24.1034 24.07691 24.06947 24.13156 24.24353 24.35559 24.46786 24.55047 24.60344 24.63678 24.64105 24.64001 24.61957 24.60945 24.5807 24.54826 24.52133 24.4901 24.47451 24.47452 24.48012 24.50121 24.52759 24.56939 24.6064 24.63834 24.65502 24.67655 24.68287 24.67393 24.65994 24.63122 24.58814 24.54174 24.48291 24.42246 24.35143 24.27064 24.19092 24.10313 24.00757 23.91462
20.1011 20.1702 20.24906 20.31748 20.4052 20.49193 20.58739 20.70149 20.82442 20.96672 21.1393 21.34336 21.57992 21.84956 22.14231 22.44761 22.73447 22.98175 23.18849 23.34424 23.4388 23.48227 23.50494 23.5471 23.60909 23.69111 23.7933 23.8957 23.96846 24.03157 24.07597 24.0971 24.12254 24.13547 24.14836 24.13771 24.12292 24.11382 24.09062 24.08324 24.0916 24.0957 24.11539 24.14048 24.17106 24.19691 24.21774 24.23333 24.24382 24.24913 24.23923 24.22432 24.19475 24.15088 24.10381 24.04448 23.98368 23.90249 23.83175 23.74227 23.65496 23.57014 23.47817
19.82808 19.89265 19.96116 20.04032 20.11911 20.20738 20.30499 20.41189 20.53818 20.67415 20.84028 21.02725 21.24558 21.47559 21.7273 21.98042 22.21441 22.43867 22.61266 22.75622 22.85921 22.93171 22.98384 23.03579 23.10776 23.18985 23.27214 23.36465 23.43787 23.5037 23.55654 23.60763 23.65303 23.68684 23.70725 23.71388 23.70659 23.70522 23.69997 23.70074 23.70743 23.72001 23.73832 23.75212 23.77152 23.79626 23.81603 23.83059 23.83009 23.83446 23.81366 23.7979 23.76754 23.72293 23.67527 23.61547 23.54437 23.47308 23.39242 23.3132 23.22639 23.14231 23.05134
19.59539 19.62578 19.68623 19.76499 19.8445 19.92377 20.02275 20.1314 20.24978 20.38803 20.54635 20.71513 20.9046 21.11492 21.32609 21.53798 21.75035 21.9329 22.09533 22.22765 22.32978 22.41175 22.48363 22.55551 22.6275 22.70967 22.78206 22.86545 22.9446 23.02486 23.09702 23.16304 23.21698 23.25772 23.28507 23.2989 23.30907 23.31537 23.31805 23.32696 23.33199 23.34307 23.36003 23.37259 23.39085 23.40453 23.42329 23.42688 23.42545 23.41894 23.40729 23.38075 23.33966 23.30436 23.24614 23.18593 23.12458 23.05321 22.97266 22.89373 22.8074 22.71406 22.62407
19.37503 19.39454 19.43336 19.49385 19.57163 19.65124 19.75102 19.85069 19.97026 20.09979 20.23936 20.39918 20.56935 20.74992 20.9409 21.12225 21.30385 21.46558 21.61727 21.73902 21.85077 21.94253 22.02434 22.09623 22.16829 22.25111 22.32695 22.4081 22.50723 22.59144 22.67643 22.73949 22.79984 22.83724 22.87151 22.89254 22.91017 22.92418 22.93481 22.9419 22.9553 22.97493 22.98058 23.00195 23.00912 23.0218 23.02962 23.03228 23.02998 23.02264 23.00021 22.97293 22.93116 22.88521 22.83647 22.77589 22.70432 22.63291 22.55249 22.47384 22.38801 22.30538 22.21633
19.15721 19.17916 19.21186 19.25153 19.31649 19.39114 19.48025 19.5804 19.69062 19.81085 19.95109 20.0915 20.24208 20.40286 20.57384 20.73502 20.89636 21.0378 21.17922 21.29078 21.40242 21.49415 21.57599 21.65852 21.734 21.82333 21.91609 22.00616 22.11007 22.19341 22.27489 22.34416 22.40096 22.44508 22.47635 22.50464 22.52979 22.55156 22.56022 22.57555 22.58739 22.60563 22.62004 22.63028 22.63643 22.64816 22.65509 22.64687 22.64376 22.62565 22.60249 22.57452 22.5321 22.48554 22.42632 22.3654 22.29363 22.2222 22.14193 22.06355 21.9782 21.89627 21.80814
18.95 18.97666 19.00292 19.03971 19.08996 19.14586 19.21702 19.31356 19.41191 19.53216 19.65277 19.78351 19.92435 20.06531 20.21638 20.35758 20.50889 20.64028 20.76167 20.87322 20.97525 21.0692 21.16447 21.25287 21.3445 21.44169 21.54213 21.6435 21.73415 21.81345 21.89107 21.95669 22.01007 22.06104 22.09941 22.12509 22.15788 22.17752 22.19429 22.20795 22.22831 22.23525 22.24849 22.25768 22.27287 22.27372 22.27981 22.27077 22.2569 22.23806 22.2142 22.18558 22.14255 22.08541 22.03573 21.96451 21.90255 21.82112 21.75101 21.66289 21.57801 21.49675 21.40949
18.75245 18.77363 18.80451 18.84537 18.88667 18.93952 18.99671 19.06729 19.15476 19.26137 19.37005 19.4893 19.61911 19.74951 19.88051 20.01212 20.13433 20.26708 20.38027 20.48403 20.5899 20.69467 20.79535 20.8984 21.005 21.10301 21.19105 21.28856 21.37524 21.4507 21.52464 21.58681 21.63697 21.68496 21.73062 21.76383 21.78441 21.81204 21.83705 21.84917 21.86816 21.88387 21.89604 21.90424 21.90854 21.90856 21.90388 21.90407 21.88947 21.85994 21.83543 21.79618 21.75257 21.70486 21.64476 21.57325 21.50113 21.42971 21.34974 21.27189 21.18744 21.10683 21.02041
18.54381 18.5792 18.61436 18.64954 18.69514 18.74156 18.79923 18.86874 18.94136 19.02788 19.11703 19.21877 19.33326 19.45061 19.56088 19.68408 19.81013 19.92886 20.05001 20.16351 20.26938 20.37875 20.48065 20.57385 20.67781 20.77211 20.85633 20.94003 21.023 21.09488 21.16542 21.22437 21.28155 21.32678 21.36993 21.40087 21.42941 21.45519 21.47858 21.49927 21.517 21.5316 21.54276 21.55004 21.55353 21.5528 21.5474 21.53685 21.52157 21.49155 21.46691 21.42774 21.37428 21.32662 21.26639 21.19438 21.12115 21.04831 20.96819 20.89056 20.80652 20.72654 20.64091
18.34347 18.37273 18.41181 18.45093 18.50043 18.55066 18.60198 18.66475 18.7393 18.81596 18.90495 18.99661 19.10109 19.19851 19.3089 19.42229 19.5386 19.64764 19.75913 19.86302 19.96895 20.07657 20.17553 20.26545 20.35599 20.44679 20.52749 20.60771 20.68728 20.75589 20.8133 20.87933 20.92378 20.97651 21.01737 21.04625 21.08293 21.10702 21.12894 21.14833 21.16492 21.1785 21.18875 21.19522 21.19794 21.19652 21.19047 21.17946 21.15415 21.13495 21.10265 21.06669 21.01667 20.97186 20.90323 20.84064 20.76354 20.67428 20.60094 20.51046 20.43546 20.34589 20.27102
