tests/data/mx1950-01.gridascii
ncols         178
nrows         139
xllcorner     111.875
yllcorner     -44.625
cellsize      0.25
NODATA_value  -9999
[rows 56 to 83 of 139, columns 0 to 62 of 178]
32.30402 32.46761 32.63373 32.80298 33.00107 33.22664 33.43203 33.81886 34.16422 34.43081 34.66515 35.00097 35.33052 35.68042 35.99024 36.48114 36.82486 37.14301 37.40684 37.64717 37.90457 38.0995 38.6924 39.18375 39.38409 39.26426 39.47635 39.51223 39.5821 39.58545 39.50224 39.35236 39.36571 39.24215 39.32146 39.31344 39.33788 39.27458 39.10336 39.11403 39.14649 39.06065 39.05641 39.07375 39.17266 39.01316 38.88525 38.76896 38.59433 38.51138 38.45011 38.48053 38.4626 38.3963 38.30156 38.25834 38.28659 38.42626 38.29732 37.97984 38.09391 37.97964 38.12724
32.18759 32.34481 32.49228 32.65269 32.83325 33.06712 33.27637 33.66668 33.99731 34.29136 34.57091 34.83768 34.98146 35.52346 36.08274 36.3909 36.6203 37.02312 37.28095 37.62482 38.03534 38.14289 38.38783 38.81052 39.13137 39.44092 39.66181 39.64567 39.50271 39.43301 39.30664 39.32354 39.25362 39.32673 39.25267 39.22128 39.28234 39.23567 39.18108 39.05842 39.06757 39.10844 39.03095 39.01506 39.08076 38.90808 38.80699 38.70753 38.66975 38.59363 38.54922 38.4965 38.41545 38.33605 38.22826 38.21204 38.27734 38.41416 38.14246 37.94234 38.13391 37.96727 37.95267
32.08308 32.23495 32.37546 32.52429 32.71473 32.92842 33.17253 33.49537 33.83685 34.19742 34.54496 34.82035 34.87474 35.57759 36.11548 36.39039 36.77522 37.17266 37.36463 37.73233 37.95638 38.26711 38.57477 38.59958 38.66116 38.98838 39.36628 39.39694 39.27071 39.24772 39.07805 39.27166 39.27846 39.2683 39.38103 39.35645 39.25436 39.39456 39.37689 39.20119 39.12733 39.09522 39.01477 39.11592 39.08868 38.88302 38.72895 38.60649 38.59565 38.47646 38.48892 38.39305 38.35883 38.22626 38.1453 38.19593 38.21812 38.26186 38.10719 37.9342 38.063 38.02375 37.92667
31.99308 32.1324 32.27103 32.42605 32.43602 32.65319 33.02941 33.31448 33.69831 34.10079 34.48625 34.82522 35.01532 35.64576 36.14001 36.49024 36.87969 37.25134 37.4973 37.63885 37.9766 38.21085 38.35169 38.619 38.90075 39.11433 39.15838 39.20532 39.18544 39.06887 39.25571 39.24592 39.31941 39.32605 39.32566 39.31805 39.22301 39.27036 39.30989 39.27146 39.0849 38.99012 38.96701 39.04552 39.07559 38.81721 38.67038 38.60509 38.61135 38.52918 38.45858 38.35958 38.25217 38.13635 38.17211 38.10945 38.07837 38.11887 37.97102 37.85495 37.90078 38.03867 38.02886
31.90935 32.06013 32.20035 32.35733 32.39938 32.59849 32.96671 33.26387 33.6799 34.0847 34.4825 34.90362 35.27645 35.80987 36.20724 36.56073 36.88357 37.07871 37.39825 37.68344 38.15483 38.44262 38.75681 38.89674 39.23819 39.40789 39.34755 39.32027 39.29631 39.46582 39.47893 39.31558 39.2257 39.21914 39.07572 39.11523 39.24745 39.29216 39.13918 39.02829 39.06936 38.98223 38.97679 38.88294 38.94063 38.82982 38.75046 38.66255 38.57608 38.49106 38.3675 38.27542 38.08482 38.11572 38.05813 38.08208 38.0676 38.02474 37.77355 37.75422 37.97689 37.93174 37.84903
31.8421 31.99838 32.15351 32.31761 32.3447 32.55434 33.02442 33.35353 33.74159 34.11902 34.52335 34.89548 35.27805 35.69976 36.20693 36.60149 36.85634 37.12411 37.46666 37.90507 38.22976 38.50083 38.69818 38.96086 39.24303 39.3186 39.45328 39.50122 39.54272 39.59795 39.42704 39.29996 39.30661 39.22682 39.20042 38.91715 39.10679 39.0991 39.07384 39.03079 38.98977 38.91061 38.91316 38.95728 38.93289 38.80993 38.65832 38.54803 38.39904 38.36135 38.27496 38.27989 38.04615 38.09378 38.11282 38.07333 38.04539 37.89905 37.69442 37.6917 37.77111 37.52279 37.39701
31.7899 31.96453 32.12973 32.3087 32.39967 32.77333 33.03278 33.43345 33.80463 34.19978 34.60001 34.92922 35.25669 35.60315 35.99755 36.43143 36.82709 37.01664 37.36151 37.74253 38.00997 38.38378 38.66376 38.90919 39.12396 39.22578 39.17497 39.38758 39.41407 39.48465 39.36943 39.4284 39.49144 39.40839 39.35901 39.25306 39.14026 39.11034 39.01303 39.00809 38.94527 38.89438 38.83522 38.87764 38.91149 38.73669 38.58311 38.41071 38.36944 38.24929 38.19025 38.20233 38.04554 37.95997 38.03569 38.02277 37.84134 37.6915 37.61337 37.47723 37.45328 37.22171 37.18279
31.7403 31.92433 32.12135 32.33217 32.41278 32.77169 33.03229 33.42348 33.88238 34.29447 34.63527 34.96877 35.28703 35.65656 35.95684 36.36897 36.74457 37.04513 37.45162 37.83454 38.14397 38.51974 38.87156 39.14898 39.30678 39.38806 39.33197 39.36873 39.35976 39.34531 39.28549 39.39029 39.3596 39.32319 39.25085 39.28227 39.17714 39.02517 39.04602 39.09941 39.06506 39.00274 38.91218 38.8232 38.78561 38.62928 38.49404 38.38982 38.24656 38.15419 38.14271 38.12212 38.05247 37.89383 37.90632 37.87005 37.58517 37.48185 37.43024 37.25067 37.24336 37.16852 37.14643
31.69079 31.89354 32.11152 32.3451 32.38717 32.79205 33.11443 33.49645 33.9278 34.33779 34.66181 34.9051 35.26402 35.61664 35.97258 36.35252 36.70749 37.02838 37.43572 37.91971 38.30025 38.50703 38.91965 39.19768 39.41735 39.47393 39.55351 39.61395 39.51913 39.24931 39.18464 39.09508 39.1805 39.0707 39.04538 39.10422 39.10687 39.02297 38.97217 39.00413 39.0585 39.03502 38.89336 38.72329 38.65457 38.54702 38.36045 38.28473 38.14976 38.10546 38.0918 38.0088 38.01649 37.89497 37.74439 37.5249 37.43669 37.43998 37.28497 37.08202 37.0414 37.08332 36.92807
31.62951 31.85918 32.09587 32.34977 32.62261 32.84689 33.17516 33.57912 33.95892 34.37304 34.68884 34.87349 35.20477 35.56147 35.86339 36.33096 36.61475 37.02522 37.45254 37.95667 38.20732 38.53405 38.73637 38.96376 39.42468 39.54017 39.58817 39.64245 39.49147 39.31603 39.29629 39.26223 39.04369 39.01043 38.95214 39.03846 38.97898 38.9533 38.97103 38.89175 38.9651 38.9207 38.81823 38.71737 38.60783 38.42939 38.22182 38.18492 38.15856 38.12265 38.05712 37.92198 37.74726 37.61312 37.44968 37.37716 37.27579 37.30584 37.30755 37.03134 37.03751 37.08627 36.90791
31.57536 31.80987 32.06264 32.3238 32.61432 32.83558 33.15892 33.62516 33.89415 34.25479 34.60535 34.84405 35.11959 35.46135 35.86937 36.26404 36.60577 36.96477 37.491 37.75418 38.05386 38.32945 38.66036 38.84599 39.3157 39.58542 39.56189 39.48315 39.34602 39.23481 39.1699 39.22126 39.17872 39.05201 38.9608 38.88466 38.90317 38.87586 38.86228 38.81198 38.77452 38.66948 38.51646 38.45509 38.44505 38.27605 38.12779 38.13004 38.12263 38.06544 37.86837 37.67141 37.5546 37.49809 37.28207 37.23677 37.24247 37.20947 37.10808 36.84877 37.01184 37.08754 37.02617
31.49779 31.74531 32.01195 32.28788 32.59371 32.91024 33.11811 33.48748 33.80783 34.07793 34.42623 34.77134 35.0424 35.36932 35.79257 36.17288 36.57085 37.07673 37.32035 37.71126 37.92878 38.07214 38.41061 38.6235 39.11027 39.48004 39.54752 39.47302 39.35182 39.11498 38.96491 38.96171 39.00522 39.06515 38.9711 38.87263 38.84927 38.81049 38.6158 38.52467 38.45663 38.3812 38.3479 38.35631 38.26608 38.16682 37.98819 37.83995 37.80183 37.8937 37.64542 37.47698 37.3684 37.30986 37.22155 37.05375 37.20677 37.07096 36.71669 36.64445 36.72459 36.78736 36.86309
31.41636 31.67563 31.9447 32.23396 32.54404 32.87558 33.2289 33.21362 33.6885 33.98156 34.26057 34.65383 34.93057 35.29127 35.75724 36.07019 36.6214 37.05151 37.36036 37.63731 37.86135 38.01142 38.23656 38.50595 38.94907 39.23561 39.40496 39.39296 39.28531 39.13554 38.99076 39.02318 38.8629 38.82961 38.8429 38.83229 38.75723 38.63718 38.36158 38.21986 38.21147 38.16589 38.19259 38.11107 37.96092 37.98171 37.81306 37.57463 37.55615 37.64743 37.54829 37.30872 37.19872 37.10847 37.1082 36.91819 36.94881 36.82047 36.55354 36.53858 36.34597 36.33598 36.49892
31.32047 31.58078 31.86167 32.15395 32.46866 32.80666 33.17816 33.57215 33.52619 33.78664 34.16963 34.55228 34.91365 35.29502 35.71929 35.97995 36.57976 36.9702 37.2813 37.44213 37.75119 38.09693 38.25803 38.66348 38.91269 38.98544 39.04192 39.1923 39.20523 39.01138 38.88552 38.84511 38.86152 38.82528 38.60617 38.63365 38.63715 38.57608 38.3098 38.07773 38.01925 38.00377 37.94072 37.93955 37.89977 37.76093 37.58255 37.39426 37.36575 37.46677 37.35712 37.09675 36.97568 36.94407 36.99216 36.81026 36.60879 36.65816 36.31882 36.32136 36.38619 36.33359 36.3839
31.21917 31.48029 31.76301 32.05895 32.38986 32.7372 33.11121 33.52003 33.64927 33.86257 34.13319 34.44623 34.91022 35.30771 35.69413 36.10589 36.51821 36.77398 37.13362 37.4858 37.74827 37.95872 38.14526 38.58657 38.71196 38.82126 38.87481 38.85342 38.90825 38.75015 38.8313 38.76406 38.70952 38.6516 38.57087 38.4369 38.41924 38.43742 38.38076 38.10861 37.81029 37.72518 37.59266 37.5721 37.59298 37.45477 37.34696 37.29913 37.30089 37.36197 37.00214 36.87132 36.7895 36.68686 36.82363 36.67015 36.47688 36.36425 36.09274 36.023 36.02546 36.13042 36.33822
31.09124 31.35315 31.63808 31.94873 32.27797 32.64812 33.03957 33.45927 33.74002 33.81012 33.97616 34.4085 34.8165 35.24001 35.58286 35.93865 36.307 36.59287 36.83725 37.12826 37.34264 37.70704 37.88879 38.33608 38.60806 38.79453 38.82597 38.67332 38.53798 38.59155 38.64578 38.52215 38.57192 38.46669 38.46709 38.38318 38.40511 38.35299 38.28612 38.07378 37.66538 37.51065 37.34888 37.2092 37.321 37.29371 37.22674 37.25964 37.19197 37.01341 36.81371 36.64273 36.61048 36.57712 36.51287 36.40812 36.37331 36.17894 36.06551 35.8437 35.74398 35.84665 35.97207
30.94516 31.21787 31.50529 31.82147 32.16064 32.53619 32.94868 33.39245 33.80109 33.78359 33.89182 34.20648 34.7023 35.20376 35.48469 35.92244 36.31222 36.5844 36.77077 37.11889 37.24427 37.62231 37.86936 38.09306 38.34229 38.39681 38.53715 38.49433 38.26976 38.34502 38.34175 38.4014 38.5251 38.32362 38.18736 38.09637 38.11046 38.11931 38.06232 37.91887 37.56871 37.44315 37.27124 37.02164 37.10442 37.05828 37.04241 36.94629 36.93945 36.92152 36.81221 36.58137 36.43897 36.35516 36.32019 36.14442 36.03835 35.87247 35.78733 35.83366 35.72192 35.49244 35.48559
30.78929 31.05252 31.35221 31.66375 32.02273 32.41365 32.84698 33.2975 33.73547 33.94719 33.95168 34.02251 34.47058 35.05223 35.55074 35.90149 36.18475 36.43291 36.87111 37.14634 37.3629 37.69495 37.93788 38.07874 38.15611 38.1897 38.27003 38.26813 38.23539 38.29328 38.3633 38.28667 38.33432 38.29684 38.22444 37.98704 37.86431 37.76578 37.64087 37.64898 37.56956 37.38245 36.99701 36.93356 36.69543 36.64936 36.74458 36.50966 36.49387 36.4868 36.38813 36.37766 36.23535 36.16134 36.16587 36.07933 35.92222 35.63506 35.53842 35.48305 35.50945 35.43794 35.25892
30.60192 30.875 31.16592 31.49113 31.84729 32.24974 32.69727 33.14751 33.53702 33.92067 34.04087 34.07901 34.39486 35.0382 35.3607 35.64145 35.99197 36.35064 36.85403 37.07873 37.37814 37.62545 37.84535 37.95441 37.891 37.97477 38.00618 37.95626 38.09629 38.14762 38.17155 38.08912 37.96105 37.86774 37.95928 37.98551 37.88606 37.65043 37.32806 37.20834 37.2607 37.13458 36.73945 36.68502 36.44187 36.38066 36.25471 36.14047 36.15582 36.1898 36.04195 35.98204 35.90003 35.94602 35.94026 35.86315 35.73519 35.42693 35.30896 35.23205 35.14671 35.17327 35.18215
30.40149 30.66335 30.96368 31.27942 31.64773 32.05431 32.50423 32.94147 33.31907 33.68858 34.01611 34.16154 34.35464 34.72519 35.26954 35.57771 35.87221 36.32052 36.67582 36.95459 37.18988 37.53454 37.80293 37.74147 37.59846 37.68351 37.70707 37.65006 37.85368 37.9091 37.74744 37.73954 37.68593 37.71688 37.76239 37.78223 37.74599 37.6132 37.39332 37.03576 36.98997 36.87543 36.58163 36.32807 36.29439 36.16057 36.00813 36.07064 36.09607 35.9811 35.9242 35.72501 35.80344 35.79958 35.7637 35.73617 35.53752 35.36831 35.22915 35.06081 34.99383 35.02856 35.00541
30.16677 30.43615 30.7237 31.04613 31.40034 31.81185 32.25708 32.69558 33.0847 33.46234 33.85728 34.20009 34.29059 34.53856 35.18851 35.40612 35.82992 36.26941 36.62513 36.7338 36.95881 37.46332 37.55198 37.45139 37.50997 37.56737 37.444 37.41073 37.5586 37.61862 37.58171 37.58854 37.4895 37.27473 37.28416 37.28752 37.22442 37.32439 37.23693 36.96149 36.68755 36.6246 36.33214 35.9697 36.04688 35.87331 35.86883 35.73519 35.56644 35.52137 35.57543 35.46704 35.586 35.51242 35.45652 35.51869 35.43947 35.30942 35.22916 35.15949 35.05096 34.97392 34.84877
29.90698 30.17278 30.45559 30.77123 31.12573 31.51384 31.95544 32.40833 32.82925 33.24157 33.67456 34.08501 34.48319 34.68755 35.01248 35.25914 35.77864 36.10001 36.54412 36.75821 36.9666 37.31342 37.37407 37.42568 37.52696 37.48765 37.34818 37.2593 37.31193 37.3769 37.34497 37.23663 36.98216 36.93162 36.87487 36.86164 36.77156 36.64421 36.6391 36.66575 36.41365 36.2023 36.08121 35.79993 35.74806 35.59523 35.47106 35.24548 35.21059 35.1818 35.21616 35.16861 35.27818 35.27492 35.31905 35.291 35.26128 35.09045 34.94918 34.87825 34.78822 34.67945 34.60234
29.63182 29.8834 30.16029 30.46704 30.80835 31.18792 31.60619 32.05576 32.5192 32.9624 33.43098 33.93087 34.3638 34.47392 34.65284 35.08344 35.48977 35.91009 36.33798 36.76136 36.92583 36.85687 37.18095 37.2959 37.31081 37.29559 37.17064 36.87666 36.8244 36.98454 36.99769 36.93421 36.67425 36.71782 36.57476 36.55481 36.46763 36.32284 36.15002 36.08872 36.11845 35.98873 35.73906 35.49898 35.4081 35.31607 35.11249 34.93708 34.82995 34.75442 34.74715 34.78022 35.06037 35.10744 35.01164 34.92339 34.8432 34.76165 34.59939 34.48724 34.37576 34.25529 34.19624
29.32145 29.56878 29.83959 30.13706 30.46451 30.82452 31.21737 31.64938 32.11073 32.58419 33.08496 33.59963 34.03677 34.26892 34.23832 34.78659 35.27798 35.75957 36.17322 36.59752 36.69945 36.77587 36.99437 37.02351 37.01279 37.01225 36.80231 36.59356 36.46663 36.50206 36.5203 36.5316 36.28605 36.33359 36.02406 36.05723 35.88283 35.84055 35.84996 35.69065 35.66217 35.57409 35.44588 35.15705 34.89722 34.80601 34.76305 34.6581 34.62088 34.63268 34.61975 34.64228 34.76298 34.75034 34.63458 34.50611 34.39544 34.28318 34.15997 34.02661 33.90369 33.80154 33.77057
28.98643 29.23001 29.49549 29.77481 30.09008 30.43295 30.80356 31.20954 31.65557 32.12414 32.61737 33.13964 33.55943 33.66991 33.81775 34.47089 35.09601 35.55719 36.02564 36.46058 36.68013 36.58239 36.71589 36.66982 36.534 36.45859 36.37397 36.32064 36.35913 36.20984 36.07312 36.1191 35.92781 35.87916 35.61302 35.49924 35.49768 35.45802 35.21966 35.20216 35.26523 35.18866 35.0319 34.92435 34.75558 34.48523 34.61294 34.56845 34.50151 34.44225 34.38406 34.41536 34.45636 34.35393 34.19814 34.0494 33.91824 33.78523 33.69106 33.5765 33.48216 33.40834 33.35546
28.62779 28.86846 29.11984 29.39299 29.68912 30.01915 30.37314 30.75972 31.18583 31.6371 32.119 32.64832 33.04414 33.2183 33.44464 33.99773 34.76149 35.24831 35.91897 36.30313 36.37979 36.38791 36.39674 36.15588 36.00534 35.93534 35.85623 35.87842 36.10233 35.93824 35.74643 35.52694 35.46977 35.4848 35.15199 35.0915 35.01297 34.91582 34.7396 34.74392 34.64845 34.63296 34.6974 34.60109 34.41339 34.38391 34.29228 34.19827 34.18165 34.12228 34.15225 34.16025 34.05083 33.87849 33.75257 33.62349 33.49176 33.35798 33.27281 33.16705 33.11128 33.05581 33.00105
28.24702 28.47575 28.72445 28.9836 29.27382 29.58559 29.92893 30.29311 30.69653 31.13692 31.61189 32.1198 32.61014 32.92384 33.1229 33.64978 34.45657 34.99466 35.54457 35.92626 35.91931 35.94321 35.91761 35.80231 35.60739 35.61304 35.70955 35.72726 35.76652 35.70752 35.64046 35.29536 35.09216 34.99078 34.74133 34.6141 34.54833 34.52353 34.50937 34.4055 34.38159 34.24734 34.1427 34.0475 34.14083 34.00218 33.81121 33.86768 33.82137 33.81216 33.85148 33.72657 33.57663 33.46424 33.35807 33.25855 33.13617 33.05155 32.94537 32.83838 32.75119 32.65409 32.59748
27.84617 28.0639 28.30122 28.55829 28.83539 29.13275 29.46037 29.81791 30.20459 30.61934 31.08098 31.57873 32.10231 32.50211 32.95911 33.35455 33.99962 34.4652 35.05177 35.41956 35.52845 35.49819 35.51852 35.34923 35.35033 35.49192 35.42419 35.35743 35.57193 35.56787 35.4854 35.21453 35.04518 34.65731 34.33115 34.22684 34.20363 34.18109 34.00893 33.97683 34.06448 33.99155 33.87793 33.80379 33.61805 33.60019 33.53984 33.52676 33.46078 33.51173 33.43076 33.28429 33.17396 33.08135 32.98479 32.8847 32.7816 32.66608 32.56882 32.45061 32.35201 32.27331 32.2049
