tests/data/mx1950-01.gridascii
ncols         178
nrows         139
xllcorner     111.875
yllcorner     -44.625
cellsize      0.25
NODATA_value  -9999
[rows 84 to 111 of 139, columns 63 to 125 of 178]
31.73354 31.70387 31.6643 31.63457 31.60439 31.59344 31.60222 31.62017 31.66939 31.70755 31.74796 31.75 31.67307 31.59646 31.49915 31.39969 31.31677 31.21966 30.9594 30.85992 30.92918 30.99034 31.17353 31.53716 31.96979 32.45877 33.03276 33.59054 33.81064 34.06081 34.19812 34.2407 34.20097 34.18624 34.184 34.09728 34.07489 34.07399 34.07191 34.32682 34.50795 34.49656 34.18239 32.85817 31.99108 33.28009 34.22738 34.89751 35.01765 35.00755 34.96878 34.90411 34.90676 34.87029 34.77848 34.55523 34.81382 35.36504 35.39754 35.42188 35.76559 36.27752 36.52479
31.35151 31.28986 31.22808 31.2159 31.173 31.12902 31.1354 31.14477 31.1844 31.20227 31.21233 31.19396 31.1164 31.04858 30.94894 30.78513 30.6846 30.57522 30.49674 30.40247 30.1042 30.15107 30.33171 30.55444 30.9495 31.48481 32.06842 32.57836 32.90232 33.31724 33.5293 33.74582 33.79866 33.78489 33.762 33.65347 33.42897 33.4466 33.64433 33.6604 34.03336 34.09294 33.96706 33.0295 32.20951 33.49259 34.09401 34.44984 34.50772 34.51698 34.52827 34.51346 34.45563 34.37925 34.20044 33.83655 34.31449 34.94759 34.99571 35.12486 35.47311 36.11163 36.39603
30.98099 30.90755 30.8638 30.81945 30.73414 30.70747 30.69163 30.71163 30.74119 30.7487 30.7184 30.67959 30.60131 30.51215 30.40991 30.20128 29.95234 29.85938 29.73069 29.60965 29.37931 29.25244 29.35772 29.5417 29.89076 30.51389 30.99972 31.53649 32.16188 32.65243 32.97321 33.13923 33.35948 33.3792 33.28581 33.29398 33.24483 33.1477 33.25141 33.04466 33.46503 33.62927 33.44576 32.08505 31.69804 33.05207 33.59393 33.98073 34.02057 33.97259 33.94698 33.98515 33.97005 33.89667 33.70238 33.15636 33.67749 34.41042 34.95085 34.96806 35.48366 35.92038 36.18322
30.66209 30.59708 30.57164 30.58543 30.51808 30.39914 30.38112 30.43037 30.44956 30.39673 30.33607 30.25684 30.15788 30.04749 29.91291 29.65995 29.47352 29.15849 29.01186 28.8709 28.69789 28.58418 28.41042 28.48252 28.77045 29.41433 30.08399 30.81905 31.36861 31.82051 32.28986 32.49874 32.71068 32.90756 32.82567 32.76014 32.73464 32.63008 32.64602 32.69061 32.97041 32.99372 32.54277 31.67279 31.33374 32.11386 33.02088 33.46259 33.42739 33.41441 33.36359 33.41604 33.43447 33.34388 32.77185 32.65799 33.28166 34.06796 34.60826 34.77709 35.15819 35.68525 35.95796
30.45487 30.38857 30.33174 30.26403 30.17503 30.08427 29.99412 29.92095 29.85939 29.80624 29.72528 29.63568 29.53622 29.41498 29.27886 29.12315 28.942 28.6894 28.35144 28.20922 27.94947 27.87182 27.66897 27.59038 27.71677 28.47886 29.28745 30.10362 30.6586 30.99368 31.5779 32.05659 32.02763 32.45283 32.37558 32.21718 32.14446 31.91013 31.92398 31.97279 32.27778 31.85453 31.61847 31.34152 30.85349 31.89307 32.5784 32.79764 32.64931 32.60246 32.48685 32.70322 32.89392 32.76348 32.33899 32.34951 33.124 33.8175 34.20544 34.72601 35.10851 35.41197 35.59781
30.01937 29.93206 29.84418 29.74535 29.65513 29.55304 29.4508 29.3533 29.28061 29.20718 29.12594 29.0261 28.91639 28.79487 28.64841 28.49224 28.31038 28.10663 27.8668 27.62045 27.42112 27.24701 27.10765 27.07126 27.17851 27.9302 28.68749 29.38216 30.09805 30.67517 30.95564 31.38518 31.78309 31.94357 31.77139 31.55927 31.39989 30.9047 30.85501 31.32235 31.68989 30.70168 31.27038 30.71717 30.68179 31.6829 32.05868 31.96721 31.97684 31.78638 31.94521 32.22363 32.37344 32.26852 32.3353 32.61214 33.1075 33.5865 34.07541 34.50555 34.81796 35.03966 35.22024
29.53559 29.43756 29.33897 29.23942 29.12845 29.02554 28.90134 28.78787 28.71325 28.62945 28.53801 28.42804 28.31835 28.18716 28.0416 27.8773 27.6988 27.50043 27.27826 27.03548 26.81472 26.68529 26.62016 26.67875 26.97988 27.61421 28.26284 28.83891 29.41558 30.211 30.69626 30.98272 31.1874 31.505 30.99025 30.66644 30.42547 30.08873 30.05801 30.26593 30.92569 30.23045 30.64251 30.17284 30.79089 31.47498 31.32277 31.29183 31.21993 31.31526 31.68653 31.99338 32.22697 32.29076 32.44099 32.65612 32.98509 33.32401 33.67255 34.01985 34.32099 34.56641 34.75362
29.03346 28.93502 28.83608 28.72621 28.61494 28.49173 28.36631 28.23749 28.14786 28.05302 27.95142 27.84142 27.72195 27.59154 27.44779 27.29709 27.12495 26.93669 26.72906 26.5126 26.31014 26.17064 26.15722 26.27812 26.61505 27.14584 27.83381 28.18648 28.73685 29.51815 30.50049 31.12376 31.24885 31.00947 30.51933 29.87107 29.67634 29.30646 29.20326 29.19974 29.68028 29.82674 29.89074 29.82297 30.27306 30.60067 30.86163 31.38201 31.45845 31.52801 31.78829 32.10792 32.23747 32.31049 32.40417 32.5389 32.72597 32.89416 33.19577 33.44429 33.71465 33.9767 34.16085
28.54289 28.43434 28.32539 28.21561 28.0945 27.9715 27.83616 27.70469 27.59495 27.48783 27.3861 27.27611 27.15697 27.01753 26.87599 26.72961 26.56505 26.38885 26.2086 26.02442 25.86128 25.74182 25.71144 25.80872 26.07977 26.51246 26.97779 27.30664 27.82869 28.79975 30.03954 31.1652 31.18782 30.61995 29.85394 29.37126 29.05269 28.69916 28.37321 28.15017 29.20663 29.91843 29.42412 29.43346 29.64796 29.80484 30.3577 30.8392 31.34302 31.77426 31.93879 32.06387 32.08949 32.12001 32.15522 32.2297 32.30986 32.39924 32.64369 32.84838 33.12841 33.30287 33.50097
28.04374 27.93538 27.82677 27.70745 27.58693 27.46461 27.32004 27.17649 27.04388 26.94384 26.83199 26.72202 26.5932 26.46468 26.32522 26.18292 26.0255 25.87066 25.70676 25.55384 25.42467 25.32491 25.29264 25.35696 25.52148 25.76446 25.99556 26.32946 26.77684 27.62058 28.92672 30.39431 30.52438 29.94856 29.18784 28.48229 28.3116 28.19727 28.14549 28.47291 29.32512 30.28975 29.85649 29.51514 29.10571 29.63086 30.53634 31.13656 31.52593 31.68562 31.77927 31.85232 31.85418 31.82073 31.85714 31.77118 31.83908 31.92406 32.04105 32.30698 32.5007 32.72155 32.9805
27.55585 27.44794 27.32998 27.21149 27.09195 26.96077 26.81746 26.66238 26.51688 26.40155 26.28906 26.17908 26.05048 25.92267 25.78484 25.64575 25.50397 25.3581 25.21713 25.08101 24.97133 24.88136 24.84552 24.85824 24.93254 25.02877 25.12454 25.19558 25.2673 25.87628 27.30114 28.4824 28.9215 28.86972 28.38709 27.71219 27.73428 28.20719 28.44661 28.87945 29.44356 29.93893 29.95572 29.60384 29.07286 28.96192 30.44412 31.03895 31.34139 31.46676 31.55594 31.59227 31.57453 31.51306 31.44484 31.42103 31.47423 31.54356 31.65686 31.85592 31.94311 32.13536 32.45286
27.05902 26.95183 26.84479 26.71744 26.59925 26.4596 26.318 26.16401 26.0135 25.88301 25.76728 25.64727 25.52878 25.39141 25.26465 25.12772 24.98977 24.85999 24.7278 24.61311 24.50666 24.42006 24.36543 24.34479 24.33925 24.34843 24.33057 24.05316 24.10411 24.67281 25.93127 26.96169 27.50422 27.7001 27.76946 27.62002 27.76119 28.28338 28.53713 28.98136 29.36604 29.4915 29.64793 29.32528 28.75305 28.93966 30.19571 30.7719 31.08507 31.21537 31.31042 31.28152 31.24688 31.17447 31.16083 31.16835 31.25133 31.30066 31.43447 31.48586 31.53226 31.80279 31.98592
26.58307 26.4668 26.35094 26.235 26.10845 25.98067 25.83117 25.67941 25.527 25.36899 25.24714 25.13656 25.00809 24.88093 24.75476 24.62906 24.49335 24.36716 24.25017 24.13222 24.03357 23.94478 23.87653 23.82927 23.79286 23.7463 23.47803 23.67656 23.77171 24.24722 25.01161 25.74598 26.25236 26.51983 26.939 27.33986 27.64246 27.90641 28.27106 28.74593 29.12097 29.02641 29.45246 29.27905 28.44562 28.34061 29.63508 30.38757 30.81264 30.94055 30.96755 31.02348 31.01739 30.90421 30.97147 31.01566 31.09778 31.14421 31.14725 31.16151 31.33414 31.51732 31.72065
26.09776 25.99261 25.87813 25.76384 25.62918 25.50356 25.35645 25.20731 25.05586 24.88856 24.75073 24.63697 24.50846 24.39135 24.26542 24.14031 24.0157 23.89134 23.76701 23.66253 23.55787 23.473 23.3978 23.34178 23.28402 23.24304 23.21726 23.23572 23.39109 23.77677 24.18802 24.77389 25.11038 25.41762 26.14607 26.66616 26.97819 27.32199 27.75694 28.09233 28.15777 28.7433 29.30906 29.29501 28.57079 28.08705 29.0573 30.01843 30.35818 30.54037 30.72141 30.87052 30.81231 30.70199 30.74544 30.84847 30.88792 30.91516 31.01457 31.10339 31.24148 31.45885 31.67099
25.63289 25.51901 25.40607 25.2936 25.17105 25.0378 24.89333 24.74709 24.59852 24.42867 24.27083 24.14926 24.02991 23.90277 23.78688 23.66197 23.5378 23.4242 23.31103 23.19809 23.10518 23.02199 22.93799 22.87221 22.82328 22.78944 22.77905 22.83135 22.99237 23.28503 23.72871 24.03408 24.18003 24.85689 25.46495 25.87456 26.23605 26.62949 27.0645 27.35028 27.58617 28.23201 28.70828 29.10513 28.96313 27.65654 28.49416 29.55401 29.92328 30.13985 30.40128 30.59721 30.63039 30.63531 30.61415 30.54973 30.71547 30.88525 30.99631 31.11871 31.25307 31.43378 31.66848
25.16827 25.05577 24.94449 24.83397 24.70366 24.58294 24.44129 24.29814 24.14293 23.98524 23.81984 23.67785 23.55281 23.43526 23.31931 23.2044 23.08032 22.96696 22.86418 22.76178 22.65952 22.57696 22.5034 22.43771 22.39835 22.37348 22.38146 22.44164 22.58122 22.8361 23.15996 23.44506 23.66089 24.17766 24.58556 25.08488 25.47592 25.86909 26.27507 26.50309 26.80082 27.36823 27.78766 28.46033 27.84587 26.7438 28.16104 29.11125 29.4572 29.81007 30.08977 30.36706 30.49872 30.55013 30.61014 30.56289 30.77121 30.922 31.02545 31.15275 31.25987 31.44732 31.66301
24.70372 24.60267 24.49314 24.37465 24.25666 24.12856 23.99984 23.85991 23.71818 23.55413 23.39821 23.23878 23.09895 22.98886 22.8728 22.75781 22.64368 22.53031 22.42759 22.32531 22.23323 22.16092 22.08767 22.03236 21.99354 21.97946 21.99863 22.06053 22.18062 22.37969 22.64215 22.92725 23.20314 23.52995 23.89784 24.25701 24.69809 24.97368 25.28676 25.74456 26.02923 26.4308 26.64182 26.47416 25.96857 26.44476 27.98153 28.49684 28.98747 29.48845 29.88287 30.15282 30.40197 30.55983 30.65574 30.75254 30.85919 30.95507 31.16215 31.25933 31.36287 31.48762 31.58086
24.25908 24.14953 24.04177 23.93535 23.81972 23.69429 23.56854 23.43188 23.29372 23.1435 22.981 22.82735 22.66418 22.54455 22.43738 22.32229 22.21805 22.10458 22.01178 21.90948 21.82744 21.75531 21.69244 21.6379 21.61046 21.60863 21.63119 21.68772 21.79035 21.93934 22.15684 22.40088 22.67677 22.58372 23.28178 23.23189 23.91714 24.22323 24.5758 24.97648 25.27233 25.55441 25.71472 25.35516 25.41727 26.5924 27.45193 28.01736 28.60969 29.10835 29.66989 30.12735 30.37878 30.55307 30.80097 30.90094 30.94814 31.0636 31.1588 31.31851 31.41083 31.46398 31.40909
23.81421 23.71617 23.6102 23.49585 23.38258 23.2698 23.14702 23.01362 22.87901 22.73264 22.58426 22.4237 22.27359 22.12972 22.01382 21.89782 21.80346 21.69986 21.60695 21.51457 21.43256 21.3606 21.30822 21.2647 21.2391 21.2403 21.26739 21.32007 21.40924 21.52807 21.69354 21.90152 22.12605 22.37317 22.63282 22.90849 23.23572 23.58754 23.5589 24.12668 24.36032 24.45071 24.16933 24.37799 25.33882 26.22464 26.86938 27.46808 28.17611 28.84735 29.42158 29.95987 30.2966 30.47009 30.63305 30.84165 30.91028 31.12817 31.18403 31.21942 31.33088 31.36065 31.25059
23.37901 23.28247 23.17826 23.07594 22.96498 22.84482 22.72494 22.60474 22.47363 22.33105 22.19674 22.04047 21.89218 21.73625 21.6085 21.49504 21.39987 21.29615 21.21312 21.12067 21.04866 20.98688 20.93498 20.89248 20.87877 20.87306 20.90473 20.95363 21.03032 21.14631 21.28431 21.44824 21.6288 21.8362 22.0603 22.0506 21.97623 22.30321 22.76894 23.37208 23.70229 23.79007 23.83651 24.35334 25.04314 25.52999 26.17004 26.84158 27.554 28.47526 29.21699 29.77278 30.06346 30.22998 30.4198 30.65667 30.76662 30.94558 31.04866 31.09536 31.09433 31.07517 30.98944
22.95341 22.85833 22.75583 22.65549 22.54677 22.43912 22.32204 22.20494 22.07723 21.94833 21.80798 21.66595 21.52183 21.37602 21.23372 21.10998 21.00791 20.9134 20.83024 20.74771 20.67568 20.61403 20.57255 20.53093 20.5188 20.52569 20.54123 20.59534 20.6684 20.76137 20.87571 21.02316 21.18523 21.3628 21.55574 21.61302 21.75296 21.98374 22.42387 22.73239 23.07895 23.27379 23.62769 23.94218 24.34007 24.82623 25.42842 26.10744 26.9459 27.95513 28.92134 29.51669 29.6833 29.77477 29.90612 30.13266 30.39752 30.63418 30.77503 30.83806 30.77366 30.70658 30.61437
22.53733 22.44367 22.34282 22.24437 22.13779 22.03254 21.91814 21.80399 21.68952 21.56415 21.4376 21.29965 21.16987 21.02815 20.88503 20.74574 20.6338 20.53226 20.45826 20.37563 20.31357 20.252 20.2108 20.17979 20.16882 20.16759 20.19592 20.23382 20.30149 20.37948 20.48864 20.60991 20.74412 20.90176 21.07273 21.2664 21.48177 21.71775 21.9534 22.19803 22.43127 22.67312 22.93398 23.23501 23.58883 24.03043 24.57822 25.26434 26.06349 27.03818 28.19662 28.85269 29.12349 29.27551 29.37873 29.5048 29.77583 30.27388 30.35969 30.40009 30.31578 30.20364 30.02436
22.12075 22.02845 21.93917 21.84251 21.73795 21.63497 21.53309 21.42172 21.31031 21.18827 21.06533 20.94126 20.81562 20.67827 20.54919 20.41889 20.29187 20.17976 20.08795 20.02436 19.96224 19.90069 19.85964 19.82902 19.81877 19.81874 19.83885 19.87915 19.92975 20.00093 20.09311 20.20679 20.32234 20.45998 20.61963 20.78088 20.97317 21.16582 21.37821 21.5898 21.80013 22.0189 22.24601 22.51198 22.80864 23.17028 23.63483 24.23444 25.02457 25.95287 26.98947 27.75471 28.26761 28.58095 28.80551 28.88177 29.20063 29.81283 29.89742 29.79944 29.66825 29.51084 29.20049
21.72366 21.63264 21.54484 21.44986 21.3472 21.24633 21.1468 21.04803 20.93947 20.82054 20.71098 20.59056 20.46882 20.3456 20.22087 20.09459 19.96711 19.85175 19.74769 19.6752 19.61169 19.56005 19.51906 19.48864 19.47879 19.47943 19.49055 19.5222 19.56444 19.62741 19.71128 19.80628 19.91253 20.0301 20.16888 20.3086 20.46889 20.63931 20.81937 20.99855 21.18624 21.37173 21.57428 21.78343 22.01973 22.29593 22.6184 23.05811 23.75046 24.72258 25.78698 26.77251 27.38413 27.84153 28.12311 28.31774 28.66451 29.1519 29.17599 28.97796 28.75328 28.34805 27.97086
21.32605 21.23626 21.14984 21.05643 20.96552 20.86661 20.76925 20.67287 20.56694 20.46089 20.35446 20.24741 20.12929 20.00993 19.89926 19.77724 19.66378 19.54919 19.43519 19.33914 19.27513 19.2204 19.17902 19.15869 19.13903 19.14 19.14162 19.17395 19.20702 19.26087 19.33556 19.41115 19.50766 19.61505 19.72319 19.85186 19.99079 20.1396 20.28786 20.44498 20.60012 20.76214 20.92952 21.09062 21.26433 21.44135 21.62579 21.84689 22.27211 23.45092 24.71832 25.80159 26.58812 27.04615 27.30367 27.5284 27.75747 27.80626 27.65605 27.17136 27.4617 27.01395 26.03823
20.93796 20.8493 20.76418 20.68222 20.59292 20.4958 20.40041 20.30621 20.21269 20.10928 20.0057 19.90174 19.79694 19.69113 19.57422 19.46616 19.3568 19.25625 19.14454 19.04291 18.95774 18.89749 18.85024 18.81917 18.80959 18.80069 18.81252 18.82516 18.85858 18.90278 18.95777 19.03351 19.10996 19.19704 19.30459 19.41239 19.53021 19.64768 19.78435 19.90955 20.04222 20.18077 20.31292 20.43584 20.55676 20.67421 20.77992 20.9029 21.18201 22.45995 23.84638 24.97951 25.76884 26.17373 26.49297 26.64442 26.54425 26.44505 26.04281 25.495 25.67722 25.50278 24.78688
20.5594 20.4718 20.38787 20.30724 20.21942 20.13392 20.04033 19.94811 19.85676 19.76572 19.66472 19.56356 19.46177 19.35918 19.2657 19.16124 19.05565 18.95899 18.86126 18.76273 18.67412 18.59859 18.53143 18.50271 18.48082 18.47161 18.4735 18.48624 18.50974 18.554 18.59897 18.65459 18.72076 18.80738 18.88425 18.98118 19.0779 19.18406 19.29918 19.40255 19.5129 19.62831 19.73593 19.832 19.93238 20.01388 20.12615 20.31125 20.80577 21.79725 23.07346 24.15519 24.79318 25.25792 25.57946 25.50684 25.16675 25.05084 24.64212 24.67493 24.62697 24.32035 23.98621
20.19039 20.10378 20.02095 19.94154 19.85506 19.77103 19.68905 19.59861 19.5092 19.42027 19.33157 19.23292 19.14383 19.04413 18.94372 18.85251 18.76033 18.66718 18.57306 18.4882 18.40274 18.32694 18.25222 18.20355 18.16814 18.14349 18.14461 18.15731 18.18075 18.20487 18.24963 18.29492 18.35063 18.41661 18.49267 18.5686 18.65414 18.73894 18.8325 18.92409 19.02239 19.10534 19.19979 19.28154 19.36572 19.44809 19.56694 19.77486 20.2357 20.99319 21.89371 22.65814 23.47759 23.76332 24.1366 24.09811 23.89634 23.69415 23.57476 23.42357 23.5825 23.39624 23.1892
