tests/data/mx1950-01.gridascii
ncols         178
nrows         139
xllcorner     111.875
yllcorner     -44.625
cellsize      0.25
NODATA_value  -9999
[rows 28 to 55 of 139, columns 63 to 125 of 178]
34.99744 35.34341 35.79329 35.88965 36.13517 36.12172 35.88004 35.76989 35.66049 35.6509 35.75031 35.96803 36.20351 36.36614 36.44337 36.23798 36.04666 35.9738 35.89988 35.87475 35.85825 35.8702 35.88048 35.75901 35.68582 35.681 35.53479 35.42756 35.29981 35.14216 35.05769 35.24932 35.18244 35.29403 35.15911 35.02682 35.11702 35.08012 35.02749 34.98184 34.83734 35.30896 35.41056 35.41198 35.40366 35.38512 35.29772 35.17411 35.04428 34.90285 34.72315 34.51999 34.32487 34.17585 34.07658 34.01453 33.985 33.98343 33.9765 33.92216 33.85929 33.76723 33.62535
35.21001 35.63479 36.0411 36.05036 36.46838 36.52863 36.43234 36.12921 35.94807 35.74756 35.84645 36.10381 36.32887 36.53061 36.52478 36.50399 36.23911 36.17321 36.10622 36.07793 36.10811 36.08653 36.05299 36.00737 35.90963 35.78987 35.6883 35.62529 35.46137 35.29786 35.15338 35.10749 35.10435 35.14579 35.08037 34.97763 35.03751 35.01068 34.98904 34.97623 35.11778 35.33023 35.51865 35.57138 35.60033 35.56343 35.49083 35.36432 35.21659 35.08644 34.91948 34.70017 34.45785 34.27046 34.14875 34.0894 34.06629 34.07349 34.06671 34.03331 33.97192 33.86175 33.70213
36.02302 36.35349 36.43656 36.43307 36.90318 36.53616 36.30458 36.01807 35.99501 35.93352 36.03195 36.27904 36.62383 36.64437 36.70398 36.65968 36.49206 36.39349 36.37375 36.30256 36.26962 36.24464 36.20737 36.15761 36.03529 35.93046 35.81335 35.70433 35.62414 35.46815 35.34476 35.25357 35.28016 35.28065 35.13425 34.98046 34.95928 34.96155 34.87959 34.94783 35.07294 35.33275 35.4733 35.72544 35.7546 35.72447 35.67078 35.55531 35.39841 35.26023 35.09663 34.88728 34.60745 34.35672 34.23597 34.21133 34.19565 34.18204 34.17548 34.15295 34.08286 33.99441 33.82692
36.19783 36.50035 36.84998 37.08818 36.85538 36.44181 36.21523 36.06552 36.06069 36.10836 36.30645 36.43342 36.67808 36.71751 36.79241 36.82538 36.71564 36.65486 36.59278 36.49905 36.4533 36.40516 36.40432 36.35053 36.19369 36.10381 35.99111 35.82597 35.79064 35.63784 35.62501 35.60489 35.57001 35.51896 35.39085 35.19507 35.1915 35.22101 35.06621 35.0121 35.19622 35.32729 35.61195 35.85717 35.89669 35.87857 35.82864 35.73548 35.59002 35.41278 35.28265 35.08598 34.7843 34.47907 34.3953 34.36894 34.36255 34.33891 34.31276 34.281 34.24201 34.125 33.95942
36.62821 36.75121 37.02287 36.938 36.70928 36.50252 36.44247 36.39059 36.29461 36.24179 36.49978 36.6968 36.77152 36.91001 36.90047 36.97131 36.83005 36.65763 36.63372 36.6379 36.62973 36.57878 36.55466 36.50711 36.28592 36.28113 36.16291 36.05195 36.01484 35.91325 35.88312 35.82132 35.77432 35.71093 35.63004 35.5007 35.35243 35.40597 35.44409 35.47234 35.61906 35.68367 35.82318 36.01683 36.09667 36.07145 36.00037 35.89256 35.77029 35.57494 35.44284 35.25354 34.99508 34.75565 34.66582 34.60191 34.56692 34.52411 34.41856 34.30741 34.3692 34.2533 34.05928
36.97692 37.1903 37.07247 36.98915 36.84314 36.73587 36.7149 36.64253 36.5764 36.41368 36.5919 36.7492 36.87413 37.03169 37.01828 37.0877 37.01563 36.89222 36.86707 36.78971 36.70964 36.69633 36.67936 36.57837 36.28317 36.36373 36.34025 36.25521 36.18266 36.12877 36.04789 35.95334 35.91343 35.87666 35.81141 35.68602 35.3894 35.47189 35.47651 35.48975 35.6412 35.47147 35.72802 36.08567 36.19687 36.20799 36.13604 36.03051 35.93575 35.80351 35.56107 35.3537 35.21433 35.03934 34.9493 34.87121 34.81927 34.7578 34.57276 34.40182 34.40392 34.35865 34.22582
37.10401 37.32782 37.23013 37.24542 37.12681 37.04108 36.99212 36.89119 36.76608 36.66412 36.72296 36.89082 37.0658 37.15136 37.07581 37.18491 37.22279 37.11912 37.01343 36.93519 36.8938 36.7787 36.75939 36.63547 36.34669 36.28304 36.40496 36.36895 36.33635 36.29335 36.2294 36.1914 36.12767 36.06618 36.02439 35.91951 35.69934 35.5437 35.42618 35.40504 35.4525 35.37149 35.65076 35.91908 36.06648 36.18433 36.19624 36.14444 36.1022 35.97807 35.76872 35.50261 35.41243 35.28661 35.1994 35.11875 35.04036 34.95003 34.85484 34.59328 34.23485 34.36955 34.29744
37.16959 37.37362 37.46372 37.41162 37.19065 37.00941 37.02491 36.97707 36.82399 36.77339 36.85323 37.01192 37.20681 37.26911 37.32342 37.29342 37.31207 37.22894 37.11347 37.05506 37.02305 36.95682 36.8558 36.67955 36.4178 36.30049 36.41988 36.43901 36.45133 36.426 36.3781 36.36593 36.33742 36.26968 36.20882 36.12034 35.84046 35.73835 35.67868 35.46288 35.54813 35.62357 35.6782 35.81701 35.86716 36.00532 36.20691 36.22547 36.22183 36.04856 35.9114 35.73659 35.62127 35.51483 35.42026 35.3465 35.24076 35.13032 35.03349 34.87972 34.47933 34.24295 34.16106
37.41992 37.55233 37.61494 37.47379 37.30736 37.08361 37.01498 37.07118 36.98076 36.84195 36.9831 37.12289 37.27783 37.27672 37.3719 37.30375 37.29403 37.30228 37.28786 37.07008 37.09823 37.06161 36.91962 36.73177 36.50774 36.31777 36.44738 36.4944 36.5261 36.51672 36.48438 36.51742 36.49323 36.43782 36.36552 36.27967 36.08446 35.98835 35.84808 35.72371 35.63794 35.61649 35.68863 35.75369 35.88824 35.94023 35.9252 36.06853 36.24741 36.16488 36.01224 35.91337 35.82006 35.71966 35.63499 35.53577 35.44041 35.30745 35.17636 35.03776 34.78312 34.30412 33.96188
37.63855 37.70709 37.6469 37.59038 37.32263 37.09684 37.16425 37.08469 36.99713 37.0803 37.27298 37.35405 37.46902 37.45498 37.39185 37.41645 37.43929 37.40978 37.28727 37.21097 37.26011 37.03395 36.8818 36.76314 36.56773 36.34752 36.47247 36.55115 36.60952 36.59565 36.61853 36.64636 36.62592 36.58198 36.52697 36.45178 36.30846 36.13477 35.95503 35.80456 35.75077 35.78797 35.86304 35.8851 35.95916 35.5997 35.57948 35.77993 36.21555 36.26839 36.12917 36.05065 36.00337 35.91391 35.82502 35.71689 35.61862 35.47962 35.32047 35.13321 34.92103 34.60722 33.944
37.7434 37.73412 37.78888 37.71012 37.54039 37.2715 37.35426 37.38854 37.26371 37.26892 37.43331 37.54541 37.62889 37.644 37.61385 37.6121 37.55837 37.43203 37.2923 37.40836 37.38939 37.26454 37.15312 37.06456 36.83906 36.53086 36.46971 36.61668 36.70111 36.71274 36.78075 36.78326 36.76652 36.72422 36.62709 36.55386 36.45467 36.26815 36.07328 36.00717 35.98167 35.96593 35.92605 35.93443 35.9849 35.71704 35.49253 35.89503 36.23395 36.32674 36.21428 36.15919 36.13163 36.09785 36.01045 35.8996 35.78461 35.65535 35.47345 35.24281 34.98902 34.60778 33.97288
37.79525 37.77891 37.66869 37.66602 37.68238 37.57883 37.61584 37.53336 37.431 37.42825 37.67447 37.73704 37.6166 37.63406 37.68843 37.6512 37.55178 37.48947 37.42342 37.44275 37.44655 37.37394 37.29416 37.18656 37.07195 36.84644 36.60519 36.64959 36.76035 36.82769 36.88102 36.86845 36.876 36.85672 36.79027 36.68405 36.59698 36.4344 36.28385 36.24042 36.24582 36.27472 36.16697 35.95344 35.75573 35.62365 35.6657 35.72983 36.06317 36.29772 36.30458 36.30636 36.31303 36.26047 36.18085 36.07392 35.92862 35.795 35.59577 35.34786 35.07285 34.74577 34.31879
37.85742 37.75324 37.70652 37.53808 37.58871 37.48901 37.56924 37.55942 37.53931 37.69859 37.85644 37.76834 37.60489 37.53621 37.64602 37.68412 37.63986 37.61244 37.61095 37.51442 37.54189 37.45235 37.32446 37.23742 37.15312 36.92838 36.65637 36.64867 36.71635 36.8799 36.94899 36.95195 36.97491 36.98098 36.84968 36.70829 36.62559 36.62843 36.49971 36.49671 36.52987 36.53566 36.42387 36.06457 35.94824 35.76655 35.67975 35.68559 36.06059 36.35709 36.38579 36.45876 36.43534 36.4007 36.36626 36.2409 36.09291 35.93225 35.744 35.53538 35.29785 35.02042 34.68181
37.87748 37.6849 37.81059 37.83499 37.68856 37.63163 37.64438 37.70683 37.81884 37.89993 37.86721 37.72448 37.62374 37.56094 37.58691 37.58111 37.63277 37.58104 37.48493 37.5134 37.47511 37.49746 37.36882 37.28003 37.21703 37.09352 36.79152 36.60259 36.72798 36.86844 36.98397 37.03329 37.09306 37.09706 37.00582 36.84768 36.72239 36.83069 36.76248 36.75326 36.78204 36.77563 36.66146 36.43932 36.24143 35.95986 35.63095 35.76784 36.05132 36.28029 36.40424 36.54384 36.52716 36.52831 36.51763 36.40303 36.25201 36.12469 35.93473 35.73204 35.55708 35.46129 35.03989
37.95262 37.89135 37.88877 37.96521 37.88094 37.85618 37.90106 37.92554 38.01907 37.9696 37.90272 37.81965 37.76449 37.68845 37.56122 37.46216 37.58044 37.62513 37.4749 37.42752 37.4508 37.43926 37.33831 37.31146 37.2614 37.21999 36.94893 36.64975 36.69381 36.93209 37.00489 37.02148 37.16934 37.2135 37.18621 37.08789 36.99005 36.9807 37.02273 36.97962 36.96412 36.95365 36.83818 36.5975 36.34081 36.17936 35.93605 35.87708 36.04922 36.06367 36.43801 36.60084 36.60859 36.6641 36.6568 36.54374 36.37174 36.22263 36.12112 35.98173 35.82863 35.75968 35.44482
38.14068 38.06059 37.96947 37.96758 38.05513 38.07209 38.06781 38.07265 38.12468 37.98048 37.93362 37.94577 37.81754 37.75872 37.7388 37.53704 37.5624 37.54302 37.55574 37.42554 37.37323 37.35175 37.31381 37.32101 37.27464 37.24611 37.14691 36.8285 36.64226 36.84933 36.92034 36.8151 37.20205 37.29768 37.26637 37.25104 37.17536 37.19749 37.2657 37.1846 37.1427 37.11633 37.02075 36.89555 36.73297 36.52636 36.20492 36.04252 35.99943 35.98615 36.28805 36.54158 36.59163 36.71019 36.69619 36.63633 36.48717 36.30169 36.19957 36.11943 36.05281 35.88988 35.69116
37.92859 37.95932 37.87904 38.038 38.25642 38.26355 38.20597 38.16668 38.12668 38.15559 38.12449 38.01361 37.96275 37.84151 37.73928 37.66489 37.52514 37.42551 37.45181 37.42839 37.28715 37.20938 37.23593 37.30761 37.14537 37.16038 37.19387 37.13719 36.88168 36.66855 36.82871 36.98247 37.24913 37.37666 37.42144 37.45882 37.47459 37.47745 37.49171 37.47846 37.47516 37.44157 37.36607 37.30827 37.13846 36.90561 36.57998 36.14774 36.05181 36.29134 36.50957 36.52131 36.46076 36.7 36.74839 36.69301 36.57059 36.39219 36.27052 36.21121 36.04934 35.91206 35.67913
38.04491 37.8452 38.03384 38.26116 38.31748 38.303 38.13733 38.07144 37.94591 37.96099 37.97673 37.93309 37.88977 37.7863 37.69156 37.64103 37.56693 37.43082 37.33595 37.36433 37.30656 37.13299 37.25409 37.29043 37.02267 36.97171 37.10857 37.19442 37.09053 36.90815 37.01836 37.17185 37.33863 37.46783 37.51755 37.49511 37.568 37.64546 37.67007 37.69856 37.7408 37.79689 37.78339 37.68044 37.51123 37.26405 36.97562 36.50445 36.50299 36.64846 36.72229 36.42875 36.36282 36.75819 36.79592 36.69436 36.5708 36.45448 36.30664 36.27303 36.099 35.87635 35.63885
38.14015 37.96148 38.20155 38.35071 38.33932 38.2478 37.98653 37.97591 37.97621 37.88763 37.81018 37.80375 37.73798 37.682 37.65123 37.53484 37.4553 37.37803 37.30481 37.16598 37.24176 37.11241 37.22816 37.23932 36.9463 36.90971 37.06036 37.08928 37.14766 37.15676 37.14775 37.14159 37.23878 37.46929 37.45237 37.5868 37.69133 37.75559 37.82111 37.87179 37.94358 38.06288 38.11445 37.96938 37.79399 37.58014 37.26659 36.88132 36.9243 36.95988 36.81809 36.50402 36.25546 36.78965 36.74084 36.59953 36.52381 36.45215 36.34732 36.26236 36.1241 35.92085 35.70806
38.13331 38.07597 38.24801 38.31978 38.26163 38.20397 38.04718 38.05162 38.08754 37.9251 37.79428 37.65489 37.61655 37.56614 37.52087 37.42812 37.29707 37.21072 37.15945 36.85347 37.00296 37.07805 37.11874 37.10503 37.02699 36.69494 36.96951 36.85163 36.99249 37.2334 37.30563 37.36027 37.38813 37.52963 37.61478 37.67324 37.70456 37.76876 37.87688 37.92141 37.99639 38.16678 38.30711 38.23986 38.07348 37.85117 37.5408 37.34687 37.33454 37.28418 37.17468 36.90347 36.80324 36.82692 36.68352 36.59639 36.50451 36.46538 36.49834 36.31676 36.19867 36.02954 35.79973
38.07912 38.19296 38.25677 38.29091 38.24574 38.30165 38.25903 38.20821 37.98943 37.7628 37.60829 37.49566 37.34403 37.39578 37.32113 37.1452 37.12427 36.9991 36.89997 36.82719 36.66092 36.84108 36.87739 36.94938 37.06665 36.96918 36.8674 36.9423 37.10523 37.16769 37.29112 37.39672 37.4954 37.56779 37.61423 37.74485 37.85969 37.97906 38.06394 38.1465 38.20042 38.2508 38.32328 38.39206 38.30705 38.08098 37.7952 37.73951 37.74841 37.70361 37.54345 37.30415 37.2612 37.05664 36.82076 36.69126 36.55785 36.53678 36.56459 36.53041 36.38614 36.17474 35.998
38.20754 38.19235 38.26768 38.30389 38.33136 38.36048 38.31163 38.15513 38.05122 37.86998 37.66134 37.45503 37.23761 37.233 37.1142 36.94748 36.927 36.79325 36.66674 36.68787 36.46682 36.55327 36.88641 36.91508 36.95819 36.96519 36.86639 36.98298 37.03679 37.10981 37.24377 37.23004 37.48951 37.58277 37.73021 37.90207 38.02866 38.1405 38.24879 38.30594 38.38619 38.41575 38.42203 38.37115 38.48402 38.38794 38.15433 37.99788 37.93604 37.92263 37.73725 37.62992 37.60372 37.30602 37.10407 37.0182 36.90924 36.76192 36.71003 36.68925 36.52774 36.28506 36.16025
38.22836 38.27389 38.33043 38.39835 38.39806 38.38993 38.35438 38.25171 38.14215 37.91576 37.67244 37.54187 37.46742 37.38368 37.26202 37.20505 37.15525 37.08337 37.01017 36.85629 36.6219 36.29635 36.59806 36.83482 36.89447 36.83575 36.78885 36.93545 36.94823 37.06005 37.15328 37.06947 37.15944 37.55354 37.73196 37.89484 37.9925 38.14562 38.25565 38.26546 38.33014 38.40725 38.51597 38.54414 38.60232 38.5758 38.35416 38.20988 38.06566 38.02774 37.85579 37.86704 37.82146 37.48135 37.37003 37.23917 37.13428 36.97876 36.87402 36.71297 36.51086 36.38437 36.20003
38.08123 38.18716 38.24454 38.34378 38.35525 38.3394 38.30661 38.21719 38.12136 37.95919 37.90054 37.58467 37.66109 37.569 37.43486 37.38785 37.25903 37.2095 37.16041 37.09271 36.95659 36.84093 36.62303 36.61867 36.704 36.64925 36.71454 36.74998 36.8396 37.00815 37.13902 37.2841 37.34409 37.50898 37.76849 37.97251 38.0212 38.07524 38.14626 38.18749 38.19464 38.28623 38.4926 38.63266 38.72243 38.66354 38.54998 38.39663 38.21947 38.13871 38.05394 38.04484 37.96388 37.69818 37.55385 37.44576 37.28922 37.19678 36.98839 36.63518 36.4104 36.20856 36.03386
38.18565 38.12163 38.07946 38.20955 38.19231 38.17819 38.20757 38.08077 38.00801 37.89934 37.85463 37.78139 37.65327 37.54779 37.47268 37.39579 37.3582 37.23138 37.18699 37.17632 37.09963 36.96474 36.82533 36.66451 36.3389 36.05762 36.38087 36.4601 36.48819 36.42229 36.73946 37.35259 37.58221 37.73783 37.92865 38.06408 38.18402 38.14902 38.1907 38.32234 38.34975 38.2816 38.42837 38.56911 38.749 38.81617 38.73716 38.60094 38.39147 38.26826 38.24091 38.15913 37.95663 37.87312 37.61495 37.52214 37.47182 37.2465 36.92585 36.5904 36.49243 36.26503 36.10045
38.07104 37.9567 37.92455 38.09504 38.09856 38.06559 37.96651 37.93167 37.82127 37.72535 37.56378 37.49224 37.4887 37.30105 37.02539 36.97871 36.94238 36.85831 36.95859 36.80494 36.70746 36.90005 36.77551 36.58585 36.31003 35.93195 35.85168 36.00575 36.37564 36.30843 36.43189 37.24295 37.67226 37.84881 38.00122 38.12842 38.25994 38.3361 38.38829 38.40952 38.47508 38.44289 38.45249 38.63207 38.78207 38.80186 38.74766 38.64256 38.57113 38.46579 38.35612 38.24035 38.11324 38.0449 37.81169 37.68773 37.46257 37.18953 36.8992 36.71267 36.54228 36.44048 36.21832
38.1568 37.97175 37.9692 38.13958 38.16334 38.15093 38.03276 37.78918 37.63041 37.55645 37.4272 37.4068 37.31854 37.09903 36.96286 36.75636 36.53107 36.38924 36.48336 36.14542 36.32441 36.25744 36.39427 36.17249 36.14876 36.05353 36.12684 36.3284 36.51199 36.75051 37.08276 37.51283 37.78258 37.92062 38.03508 38.20443 38.32788 38.42546 38.49821 38.55854 38.59081 38.58146 38.57827 38.73786 38.82142 38.86042 38.71895 38.71582 38.71728 38.6106 38.43686 38.35091 38.26899 38.11581 37.96215 37.74763 37.48483 37.20852 37.0111 36.85515 36.62386 36.57994 36.40412
38.16233 37.91618 38.00277 37.98257 37.99603 37.96361 37.88573 37.69273 37.71482 37.57204 37.50425 37.4045 37.14269 37.07166 36.88499 36.63847 36.40374 36.22316 36.24942 36.48465 36.4064 36.23677 36.11248 35.89223 36.48072 36.67798 36.76403 37.01895 37.24843 37.26463 37.40878 37.67006 37.89175 38.0322 38.13928 38.30119 38.42691 38.4962 38.56971 38.61916 38.6677 38.69003 38.7218 38.82772 38.86846 38.8262 38.70903 38.78768 38.80061 38.70504 38.50731 38.36038 38.2944 38.16216 37.9404 37.68045 37.45372 37.28667 37.05395 36.8801 36.59973 36.66648 36.55172
